[[36.48090744018555, 28.0377197265625, 27.569780349731445, 29.38161849975586, 29.55323600769043, 31.936206817626953, 27.709123611450195, 24.9841365814209, 28.259397506713867, 28.845914840698242, 28.605560302734375, 30.1522216796875, 28.178279876708984, 29.03941535949707, 27.66800880432129, 30.95954132080078, 25.291723251342773, 28.86943817138672, 25.72260856628418, 26.955795288085938, 29.00951385498047, 32.29277038574219, 29.733360290527344, 26.172544479370117, 27.981048583984375, 29.43752670288086, 28.623815536499023, 32.21099853515625, 29.159725189208984, 26.60541343688965, 28.858339309692383, 30.58266258239746, 29.502288818359375, 29.018808364868164, 30.47598648071289, 29.368701934814453, 25.564748764038086, 29.148698806762695, 30.648483276367188, 33.757808685302734, 25.663219451904297, 25.522314071655273, 27.750661849975586, 31.349424362182617, 26.527700424194336, 26.18379020690918, 28.857105255126953, 24.47984504699707, 26.684110641479492, 29.858095169067383, 29.926132202148438, 30.824918746948242, 27.802167892456055, 29.276752471923828, 29.14238739013672, 28.6987361907959, 31.223590850830078, 27.806520462036133, 27.20184326171875, 27.726266860961914, 31.854660034179688, 27.557613372802734, 30.491329193115234, 30.376148223876953, 27.158037185668945, 28.71961212158203, 29.47712516784668, 26.33110809326172, 29.105693817138672, 31.55965805053711, 29.524276733398438, 29.185911178588867, 27.695423126220703, 25.89667320251465, 27.186450958251953, 26.44609260559082, 25.940509796142578, 30.83672332763672, 30.376630783081055, 29.384918212890625, 20.917585372924805, 27.327823638916016, 28.5566349029541, 27.278532028198242, 29.648778915405273, 28.75127410888672, 26.9052677154541, 30.048744201660156, 31.145597457885742, 31.316194534301758, 27.151119232177734, 29.015838623046875, 30.2257137298584, 25.677583694458008, 28.575634002685547, 29.375614166259766, 30.262605667114258, 30.690433502197266, 26.69426918029785, 32.30054473876953, 28.02176856994629, 32.02194595336914, 30.860050201416016, 30.174226760864258, 27.705581665039062, 25.92402458190918, 29.933164596557617, 31.028793334960938, 27.051008224487305, 29.174421310424805, 29.457185745239258, 32.01820755004883, 30.733774185180664, 29.02252960205078, 30.80025291442871, 29.191049575805664, 28.70869255065918, 27.978958129882812, 28.007522583007812], [28.0377197265625, 44.191322326660156, 34.447879791259766, 32.9806022644043, 33.60552978515625, 36.39453125, 31.75111198425293, 30.3259334564209, 33.98158264160156, 35.621925354003906, 35.64801025390625, 36.35080337524414, 32.00746536254883, 33.54141616821289, 32.37574005126953, 32.97336196899414, 27.867202758789062, 30.49707794189453, 30.829788208007812, 33.7910270690918, 33.55559539794922, 35.60053634643555, 34.793556213378906, 33.67715072631836, 31.089048385620117, 32.21780014038086, 34.01002502441406, 34.20357894897461, 31.513225555419922, 32.19645690917969, 32.3857421875, 34.311344146728516, 33.11239242553711, 32.846492767333984, 33.76877212524414, 33.368289947509766, 28.881086349487305, 33.844078063964844, 31.96709632873535, 36.71669006347656, 29.50592041015625, 32.0695686340332, 32.376495361328125, 34.899757385253906, 33.88274002075195, 29.911392211914062, 33.2193717956543, 25.581157684326172, 29.37502670288086, 33.951812744140625, 32.623435974121094, 35.90424346923828, 32.7813835144043, 34.952415466308594, 34.02874755859375, 33.04769515991211, 35.42561340332031, 31.102508544921875, 27.70586585998535, 35.2884635925293, 34.492549896240234, 32.68382263183594, 32.63801574707031, 33.792423248291016, 29.891643524169922, 32.44709777832031, 32.942806243896484, 32.1292839050293, 31.378328323364258, 34.478736877441406, 35.22929000854492, 33.386802673339844, 33.60091018676758, 29.832847595214844, 30.454483032226562, 33.210575103759766, 30.872678756713867, 38.068660736083984, 36.12096405029297, 36.22526168823242, 23.00689125061035, 32.15795135498047, 32.44513702392578, 33.35594940185547, 34.5279655456543, 33.24456787109375, 32.4619255065918, 34.411773681640625, 33.9634895324707, 33.94258117675781, 31.647151947021484, 35.52794647216797, 32.730716705322266, 31.132646560668945, 34.75820541381836, 33.267356872558594, 30.288251876831055, 37.40611267089844, 28.43180274963379, 34.965179443359375, 31.72651481628418, 36.79988479614258, 34.96933364868164, 34.18361282348633, 32.23051071166992, 26.152421951293945, 30.85385513305664, 37.29817199707031, 32.706539154052734, 34.64006805419922, 35.91251754760742, 35.05156326293945, 36.349239349365234, 30.24656105041504, 35.177188873291016, 33.06757354736328, 32.573760986328125, 30.949283599853516, 32.08291244506836], [27.569780349731445, 34.447879791259766, 69.5570068359375, 47.483699798583984, 43.29328536987305, 55.18655776977539, 53.06275177001953, 51.38362121582031, 51.94602584838867, 56.91521453857422, 44.26659393310547, 53.20502853393555, 48.38601303100586, 52.78691482543945, 42.265106201171875, 42.82102584838867, 26.67361831665039, 53.05725860595703, 48.16345977783203, 35.958431243896484, 42.986331939697266, 47.89044189453125, 42.5993537902832, 36.000240325927734, 53.45010757446289, 56.085609436035156, 42.51506042480469, 42.38288116455078, 38.63333511352539, 49.91956329345703, 46.548377990722656, 33.54438018798828, 55.224693298339844, 54.938087463378906, 49.4110221862793, 54.936195373535156, 34.13528823852539, 54.056304931640625, 31.412578582763672, 44.614601135253906, 29.384197235107422, 35.360652923583984, 43.15966033935547, 54.107078552246094, 50.41721725463867, 49.71738815307617, 51.611846923828125, 27.07758903503418, 50.6917724609375, 57.74639892578125, 45.17183303833008, 56.00961685180664, 31.48320198059082, 53.8403434753418, 54.82249450683594, 48.38767623901367, 55.85100173950195, 49.47425079345703, 28.209375381469727, 55.64474105834961, 50.99773406982422, 52.92100524902344, 48.50902557373047, 36.78223419189453, 35.03483581542969, 43.08317565917969, 47.977935791015625, 32.1118049621582, 49.15626907348633, 52.726341247558594, 52.05268478393555, 47.72638702392578, 43.65089416503906, 49.422306060791016, 50.004356384277344, 46.96070861816406, 48.952552795410156, 51.8372917175293, 38.2010383605957, 43.16743087768555, 22.404855728149414, 44.884437561035156, 54.465057373046875, 55.35007095336914, 49.62778091430664, 54.47813034057617, 56.44447708129883, 52.31480026245117, 50.05517578125, 50.69718551635742, 30.388460159301758, 50.400978088378906, 55.50471878051758, 50.7785758972168, 38.591712951660156, 52.667240142822266, 45.976051330566406, 55.881168365478516, 29.144758224487305, 52.56432342529297, 30.83759117126465, 52.90187072753906, 38.0389404296875, 41.14263916015625, 39.80319595336914, 28.70305061340332, 53.07683181762695, 57.145023345947266, 52.75905227661133, 57.896697998046875, 41.333473205566406, 54.86079788208008, 42.01771926879883, 30.97289276123047, 44.73579025268555, 52.71075439453125, 39.39569091796875, 34.063804626464844, 42.78990173339844], [29.38161849975586, 32.9806022644043, 47.483699798583984, 64.526611328125, 43.11091232299805, 50.44133758544922, 49.297027587890625, 46.83560562133789, 48.9982795715332, 50.76401138305664, 42.01325225830078, 49.700538635253906, 48.77378845214844, 51.52504348754883, 46.3377799987793, 41.20207595825195, 27.70198631286621, 47.286930084228516, 45.97940444946289, 34.853370666503906, 43.12385559082031, 44.675785064697266, 42.28264617919922, 37.36040496826172, 49.43733596801758, 46.182533264160156, 42.24611282348633, 42.12693405151367, 39.10005187988281, 47.11399459838867, 48.4094123840332, 34.722171783447266, 50.35926818847656, 50.9690055847168, 48.51296615600586, 48.19883346557617, 32.99142074584961, 47.5981559753418, 30.912479400634766, 46.909122467041016, 31.95154571533203, 36.151031494140625, 43.92349624633789, 50.41852951049805, 47.534889221191406, 46.58873748779297, 46.60710525512695, 26.476985931396484, 47.39167022705078, 51.632667541503906, 43.744747161865234, 50.54155349731445, 30.90724754333496, 48.466365814208984, 47.49334716796875, 50.45900344848633, 51.65372085571289, 50.03411865234375, 26.715171813964844, 48.14653396606445, 48.5595817565918, 45.95586395263672, 48.54970932006836, 38.03770446777344, 36.01028823852539, 41.62395477294922, 44.88215637207031, 29.769575119018555, 48.86214828491211, 50.4161491394043, 52.19819259643555, 49.405059814453125, 40.72636413574219, 46.31144714355469, 47.01895523071289, 45.1058349609375, 43.22257614135742, 48.36614990234375, 36.4413948059082, 39.92594909667969, 21.218355178833008, 42.36555480957031, 51.02975845336914, 49.9918212890625, 47.63832473754883, 50.729957580566406, 51.496673583984375, 49.239620208740234, 50.01384353637695, 48.350093841552734, 30.076723098754883, 46.854862213134766, 54.620323181152344, 46.378089904785156, 38.77941131591797, 48.99702835083008, 46.16307830810547, 49.92667007446289, 28.59996223449707, 49.0589599609375, 32.16858673095703, 49.474693298339844, 37.20075225830078, 41.74482345581055, 38.092002868652344, 27.335603713989258, 46.04013442993164, 50.90221405029297, 48.974300384521484, 51.628211975097656, 38.3345947265625, 49.988468170166016, 40.415985107421875, 30.47171974182129, 45.57207107543945, 47.38420867919922, 38.923343658447266, 34.23590850830078, 44.20636749267578], [29.55323600769043, 33.60552978515625, 43.29328536987305, 43.11091232299805, 57.11899185180664, 46.23261642456055, 44.131011962890625, 39.78374481201172, 45.83078384399414, 46.578697204589844, 42.7279052734375, 47.82835006713867, 45.585044860839844, 48.134090423583984, 43.472694396972656, 42.55504608154297, 29.249858856201172, 43.40152359008789, 39.17496871948242, 39.34858322143555, 45.88441467285156, 45.45801544189453, 43.52063751220703, 38.27113342285156, 44.9007682800293, 46.654056549072266, 45.18208312988281, 44.187992095947266, 39.98624038696289, 40.2236442565918, 41.561729431152344, 36.52360534667969, 42.73385238647461, 45.22584915161133, 44.24184036254883, 45.00147247314453, 35.85778045654297, 46.931602478027344, 32.362823486328125, 45.313358306884766, 31.349468231201172, 37.73137283325195, 40.91358947753906, 45.82324981689453, 40.89402389526367, 42.05207443237305, 42.70109939575195, 29.37952423095703, 42.156009674072266, 45.40481948852539, 43.49332809448242, 44.78821563720703, 35.95615005493164, 44.513877868652344, 45.89080810546875, 43.132911682128906, 47.855079650878906, 42.78522872924805, 29.355314254760742, 45.7685432434082, 43.91162872314453, 41.95628356933594, 43.22603988647461, 39.00375747680664, 36.675777435302734, 41.968223571777344, 44.46616744995117, 32.00981140136719, 45.37717819213867, 45.4286003112793, 46.75754928588867, 44.653526306152344, 43.330833435058594, 41.1673698425293, 41.86513900756836, 42.12377166748047, 41.17695617675781, 45.61008834838867, 38.27725601196289, 43.22815704345703, 23.141260147094727, 41.33900451660156, 41.983951568603516, 43.203765869140625, 41.50457763671875, 44.135337829589844, 47.105445861816406, 43.621280670166016, 45.64705276489258, 44.32467269897461, 31.3297061920166, 44.44334030151367, 47.55089569091797, 42.85137939453125, 40.05806350708008, 45.424869537353516, 40.474002838134766, 46.7587776184082, 31.785381317138672, 45.53900909423828, 30.235776901245117, 48.38846206665039, 39.862648010253906, 41.96499252319336, 40.43866729736328, 31.078012466430664, 44.14060592651367, 47.580322265625, 42.635990142822266, 46.60862731933594, 41.62601089477539, 46.440608978271484, 40.604942321777344, 31.37847900390625, 46.321510314941406, 43.3176155090332, 38.451881408691406, 37.339805603027344, 44.28570556640625], [31.936206817626953, 36.39453125, 55.18655776977539, 50.44133758544922, 46.23261642456055, 84.81047821044922, 55.857730865478516, 60.53489303588867, 63.17607879638672, 67.00411987304688, 46.46156311035156, 53.76219177246094, 51.65829849243164, 63.79464340209961, 47.192440032958984, 48.81167984008789, 29.680078506469727, 63.6965446472168, 56.954505920410156, 41.246673583984375, 46.810523986816406, 51.2933235168457, 46.251529693603516, 40.381675720214844, 62.034423828125, 61.124916076660156, 47.83734130859375, 47.684173583984375, 43.23150634765625, 55.18745422363281, 49.29694747924805, 39.50083923339844, 55.9043083190918, 66.00984191894531, 63.03921890258789, 67.52511596679688, 40.53243637084961, 57.80006790161133, 33.8892707824707, 48.40671920776367, 34.948814392089844, 40.927913665771484, 48.03843307495117, 67.00137329101562, 55.73234176635742, 59.08053970336914, 61.06319808959961, 29.291751861572266, 61.50639343261719, 64.3531494140625, 45.861995697021484, 65.70283508300781, 37.299129486083984, 53.41718292236328, 66.25606536865234, 53.33640670776367, 62.554039001464844, 50.97580337524414, 30.026348114013672, 58.324771881103516, 61.41625213623047, 63.33831787109375, 53.6758918762207, 43.52479934692383, 37.342247009277344, 46.38995361328125, 48.42997741699219, 35.0446662902832, 51.868106842041016, 54.47026062011719, 53.761165618896484, 50.789310455322266, 46.120758056640625, 62.031288146972656, 63.48894119262695, 48.733829498291016, 51.59480667114258, 55.35236358642578, 41.12614440917969, 48.46627426147461, 24.28249168395996, 46.95867156982422, 64.0968246459961, 60.4359130859375, 54.460227966308594, 63.6967658996582, 63.648658752441406, 63.791473388671875, 53.13115692138672, 61.11424255371094, 32.446617126464844, 57.27021789550781, 66.60271453857422, 65.3207015991211, 42.071834564208984, 64.17367553710938, 57.88030242919922, 65.19485473632812, 31.537874221801758, 63.03588104248047, 33.38239288330078, 60.493865966796875, 39.20305252075195, 46.511234283447266, 44.37205505371094, 30.546640396118164, 63.3018798828125, 67.62765502929688, 56.71931457519531, 67.42842864990234, 43.81898880004883, 67.71484375, 45.77153396606445, 34.285194396972656, 48.058292388916016, 63.32489776611328, 41.927608489990234, 39.4084358215332, 48.18143844604492], [27.709123611450195, 31.75111198425293, 53.06275177001953, 49.297027587890625, 44.131011962890625, 55.857730865478516, 70.35381317138672, 52.424957275390625, 54.13493347167969, 57.204708099365234, 43.0755729675293, 50.236568450927734, 47.24021911621094, 53.70829772949219, 46.677757263183594, 41.79414367675781, 28.207223892211914, 51.01860809326172, 50.689903259277344, 37.850624084472656, 44.60965347290039, 48.2994384765625, 43.63661575317383, 36.214359283447266, 52.741668701171875, 55.396236419677734, 42.01133728027344, 41.24478530883789, 38.31715774536133, 48.62510299682617, 48.02223587036133, 36.66246795654297, 52.47492980957031, 56.97117233276367, 51.7327995300293, 54.827205657958984, 33.91925811767578, 55.07698440551758, 30.759387969970703, 48.87098693847656, 30.627195358276367, 36.83567810058594, 44.177791595458984, 55.497703552246094, 50.86127471923828, 51.928070068359375, 53.761661529541016, 26.901857376098633, 51.656002044677734, 57.432003021240234, 41.35420608520508, 57.19402313232422, 33.12436294555664, 53.088138580322266, 56.095603942871094, 49.24309539794922, 60.04781723022461, 49.028934478759766, 27.811670303344727, 55.85661315917969, 55.17229080200195, 52.871360778808594, 48.48124313354492, 36.7954216003418, 35.54747009277344, 44.29419708251953, 45.30756759643555, 30.19292640686035, 48.48455047607422, 52.0718994140625, 52.362300872802734, 49.041568756103516, 38.87549591064453, 49.753055572509766, 51.80891036987305, 46.412940979003906, 50.83505630493164, 52.247257232666016, 36.62788772583008, 41.00674819946289, 23.941936492919922, 42.767940521240234, 57.012081146240234, 55.059791564941406, 51.47799301147461, 56.180870056152344, 56.60649490356445, 54.26060104370117, 51.49965286254883, 53.083831787109375, 30.077898025512695, 50.61213684082031, 58.10250473022461, 51.125362396240234, 39.14479064941406, 56.45073318481445, 50.484893798828125, 57.17781066894531, 28.177104949951172, 55.55729293823242, 30.70287322998047, 56.29094696044922, 36.392250061035156, 39.98231506347656, 40.86746597290039, 26.592647552490234, 53.76909255981445, 56.245182037353516, 54.34343338012695, 58.00925064086914, 38.178653717041016, 56.60780334472656, 39.047245025634766, 28.19452476501465, 43.87859344482422, 55.992279052734375, 39.38234329223633, 35.804080963134766, 44.107303619384766], [24.9841365814209, 30.3259334564209, 51.38362121582031, 46.83560562133789, 39.78374481201172, 60.53489303588867, 52.424957275390625, 75.87690734863281, 56.43442916870117, 62.163631439208984, 40.14881134033203, 48.00602340698242, 45.75299072265625, 58.63506317138672, 43.024723052978516, 39.891319274902344, 25.471683502197266, 58.173828125, 49.74353790283203, 35.475406646728516, 42.303592681884766, 45.1884651184082, 40.217613220214844, 35.43590545654297, 58.96736145019531, 52.582420349121094, 39.72856903076172, 40.95294952392578, 36.43901443481445, 48.35716247558594, 44.76530075073242, 32.4334831237793, 50.01886749267578, 60.55879211425781, 54.257728576660156, 61.03866195678711, 34.30377960205078, 50.637088775634766, 27.520347595214844, 43.883056640625, 28.330341339111328, 34.228172302246094, 43.172019958496094, 62.0377197265625, 49.49930953979492, 55.35057067871094, 55.14552688598633, 24.112993240356445, 54.829566955566406, 60.90000534057617, 40.093780517578125, 59.226932525634766, 32.90130615234375, 48.941375732421875, 60.21721267700195, 46.6501350402832, 57.39019012451172, 48.556068420410156, 25.403398513793945, 54.04338455200195, 56.01893615722656, 56.168663024902344, 47.23347854614258, 35.53207015991211, 33.574092864990234, 40.59813690185547, 42.19824981689453, 28.84009552001953, 48.142234802246094, 51.59946823120117, 49.599281311035156, 48.808189392089844, 40.06794738769531, 56.49167251586914, 56.283836364746094, 46.08671188354492, 45.57962417602539, 50.15101623535156, 34.960819244384766, 38.29636001586914, 22.01416015625, 41.44082260131836, 57.42960739135742, 58.53965759277344, 49.483856201171875, 57.963226318359375, 57.62520980834961, 59.244747161865234, 47.02127456665039, 54.52222442626953, 27.90282440185547, 51.47785949707031, 60.6595344543457, 57.537445068359375, 36.536338806152344, 59.01517868041992, 51.24324035644531, 60.18970489501953, 26.353242874145508, 54.9339599609375, 28.32394027709961, 51.259552001953125, 35.753822326660156, 42.948978424072266, 38.2591667175293, 24.1431827545166, 54.509788513183594, 61.50447463989258, 51.796722412109375, 61.692626953125, 37.87971115112305, 58.150943756103516, 39.97242736816406, 28.65215492248535, 42.70580291748047, 57.11759948730469, 35.459232330322266, 31.661291122436523, 40.56009292602539], [28.259397506713867, 33.98158264160156, 51.94602584838867, 48.9982795715332, 45.83078384399414, 63.17607879638672, 54.13493347167969, 56.43442916870117, 83.81083679199219, 63.43348693847656, 43.44966125488281, 50.99014663696289, 47.785621643066406, 61.558837890625, 46.650306701660156, 43.074554443359375, 29.5026798248291, 62.704837799072266, 54.79005813598633, 39.58477783203125, 46.655452728271484, 47.33403015136719, 43.72944641113281, 39.90706253051758, 60.03652572631836, 55.636619567871094, 42.684600830078125, 43.613006591796875, 40.25593948364258, 50.35580062866211, 47.409854888916016, 36.57735061645508, 50.55670166015625, 65.2613296508789, 61.18202590942383, 65.35091400146484, 38.80506896972656, 53.69020080566406, 31.268230438232422, 47.83314895629883, 31.4250431060791, 39.717838287353516, 46.67384338378906, 62.59343338012695, 52.07871627807617, 58.3709831237793, 62.977439880371094, 29.546796798706055, 58.94498825073242, 66.40606689453125, 46.48716354370117, 61.40488815307617, 35.452449798583984, 51.274147033691406, 64.09648132324219, 49.04991912841797, 58.23781204223633, 46.959327697753906, 27.493715286254883, 58.42463684082031, 66.59906768798828, 59.920875549316406, 48.28972244262695, 40.726688385009766, 38.29816818237305, 43.972450256347656, 43.840972900390625, 32.14330291748047, 50.85494613647461, 54.41048812866211, 53.391117095947266, 50.520240783691406, 43.98678970336914, 60.930606842041016, 62.2512321472168, 48.03604507446289, 49.66440200805664, 53.31909942626953, 38.819358825683594, 45.17232894897461, 24.994476318359375, 45.67993927001953, 62.07173538208008, 58.98380661010742, 52.52756881713867, 62.9255485534668, 62.6927490234375, 61.763824462890625, 53.87122344970703, 61.06986999511719, 33.904571533203125, 55.50165939331055, 66.85506439208984, 62.884517669677734, 40.21133804321289, 65.2013931274414, 54.70565414428711, 61.028987884521484, 32.96416091918945, 62.98334503173828, 31.016395568847656, 56.66834259033203, 39.25631332397461, 42.75105667114258, 40.239288330078125, 27.969491958618164, 60.12444305419922, 65.03412628173828, 52.52941131591797, 64.74455261230469, 40.9405403137207, 65.59890747070312, 43.5474967956543, 33.85892868041992, 46.636878967285156, 63.54096221923828, 41.3284797668457, 37.71810531616211, 45.00139236450195], [28.845914840698242, 35.621925354003906, 56.91521453857422, 50.76401138305664, 46.578697204589844, 67.00411987304688, 57.204708099365234, 62.163631439208984, 63.43348693847656, 87.16378021240234, 46.426795959472656, 53.45979309082031, 49.218017578125, 65.73436737060547, 48.75447463989258, 45.28242874145508, 28.873289108276367, 62.06790542602539, 58.329620361328125, 41.04838562011719, 48.08840560913086, 50.49471664428711, 46.85234451293945, 41.224761962890625, 61.42716598510742, 62.0196418762207, 47.8750114440918, 43.77629089355469, 42.80260467529297, 54.66054153442383, 51.6591682434082, 36.967586517333984, 56.30328369140625, 67.22280883789062, 63.93279266357422, 65.45233917236328, 39.76446533203125, 57.31480407714844, 34.577362060546875, 50.12370300292969, 34.284423828125, 39.36732864379883, 47.79859924316406, 66.8241958618164, 58.3594970703125, 59.31372833251953, 66.19085693359375, 29.189435958862305, 61.9869499206543, 67.9571762084961, 48.40473937988281, 67.58517456054688, 36.747467041015625, 56.63853454589844, 64.85763549804688, 51.061832427978516, 65.81309509277344, 52.93534469604492, 28.85424041748047, 61.569366455078125, 65.46434783935547, 62.182594299316406, 53.76879119873047, 42.1549072265625, 38.6677360534668, 45.615745544433594, 47.1780891418457, 34.447967529296875, 52.86082077026367, 57.59259033203125, 53.1436882019043, 53.549560546875, 45.49069595336914, 59.702980041503906, 64.70362854003906, 50.255123138427734, 51.4409294128418, 55.228004455566406, 40.11262130737305, 47.39824295043945, 25.198261260986328, 47.593265533447266, 67.53106689453125, 63.507118225097656, 56.753997802734375, 63.979270935058594, 68.54896545410156, 63.605525970458984, 52.70488739013672, 65.0964126586914, 31.9304256439209, 59.77420425415039, 68.22716522216797, 62.376731872558594, 42.62630844116211, 66.38497161865234, 59.232872009277344, 65.53533935546875, 32.2675895690918, 64.84777069091797, 32.36711502075195, 61.47627639770508, 40.535675048828125, 42.96514892578125, 41.624080657958984, 28.740942001342773, 62.73643493652344, 67.39327239990234, 57.71329116821289, 68.66944885253906, 41.257652282714844, 65.34870147705078, 43.516632080078125, 32.5948371887207, 47.247859954833984, 66.01180267333984, 41.89860534667969, 38.21822738647461, 47.228179931640625], [28.605560302734375, 35.64801025390625, 44.26659393310547, 42.01325225830078, 42.7279052734375, 46.46156311035156, 43.0755729675293, 40.14881134033203, 43.44966125488281, 46.426795959472656, 58.64066696166992, 44.616729736328125, 42.76036834716797, 44.532005310058594, 44.00010681152344, 41.682273864746094, 27.440765380859375, 42.449893951416016, 40.11353302001953, 37.84623336791992, 43.486019134521484, 46.575660705566406, 43.02019500732422, 37.792755126953125, 43.287147521972656, 43.82361602783203, 45.1042366027832, 41.33140563964844, 36.669063568115234, 40.8144416809082, 42.82908630371094, 34.694061279296875, 45.180362701416016, 43.442195892333984, 41.97140884399414, 46.60816955566406, 33.91134262084961, 46.35090255737305, 31.516389846801758, 44.65863800048828, 31.87724494934082, 36.52878189086914, 41.14716720581055, 45.09970474243164, 42.388427734375, 40.27603530883789, 42.704524993896484, 24.995174407958984, 40.675872802734375, 47.42353820800781, 44.62443542480469, 46.468353271484375, 33.52724075317383, 45.70677947998047, 43.405338287353516, 44.39858627319336, 46.33634948730469, 41.597537994384766, 27.61711883544922, 47.143516540527344, 44.32500457763672, 40.040164947509766, 44.956199645996094, 39.78923034667969, 34.08807373046875, 42.50189971923828, 45.67803955078125, 32.907310485839844, 45.707759857177734, 47.36420822143555, 48.474178314208984, 41.924110412597656, 40.926761627197266, 42.164764404296875, 42.213478088378906, 42.8754997253418, 40.94062042236328, 46.18233108520508, 37.02138900756836, 41.7460823059082, 22.50211524963379, 42.91254425048828, 44.40153884887695, 43.31837463378906, 43.35311508178711, 43.35017013549805, 43.608131408691406, 42.745330810546875, 46.47927474975586, 44.67464828491211, 30.40351676940918, 44.214569091796875, 44.13315963745117, 42.11595916748047, 39.55325698852539, 44.377037048339844, 41.305641174316406, 45.872684478759766, 29.060470581054688, 44.501129150390625, 30.568344116210938, 45.934844970703125, 37.572086334228516, 40.002689361572266, 36.33003616333008, 26.152971267700195, 42.654117584228516, 49.1430549621582, 41.65227508544922, 45.54376983642578, 39.44671630859375, 46.937068939208984, 43.1666145324707, 31.405771255493164, 45.31687545776367, 42.60620880126953, 38.438690185546875, 34.64761734008789, 44.885162353515625], [30.1522216796875, 36.35080337524414, 53.20502853393555, 49.700538635253906, 47.82835006713867, 53.76219177246094, 50.236568450927734, 48.00602340698242, 50.99014663696289, 53.45979309082031, 44.616729736328125, 69.4415512084961, 51.628440856933594, 55.070838928222656, 46.61801528930664, 45.504154205322266, 30.841209411621094, 48.236717224121094, 48.071250915527344, 40.77289581298828, 47.26890563964844, 49.99966812133789, 46.70719528198242, 39.50324249267578, 49.34514617919922, 53.89201354980469, 47.92993927001953, 46.24630355834961, 42.90106201171875, 48.43199920654297, 48.46076202392578, 37.11148452758789, 50.75568389892578, 53.20095443725586, 53.1790885925293, 52.42502212524414, 37.406761169433594, 53.216007232666016, 34.187950134277344, 49.482398986816406, 34.47693634033203, 37.2397575378418, 46.2851448059082, 53.462589263916016, 50.843929290771484, 48.47016525268555, 50.74794387817383, 27.918067932128906, 49.90085983276367, 52.973480224609375, 48.370506286621094, 53.82173538208008, 35.44978713989258, 52.26984786987305, 52.9502067565918, 49.51853942871094, 53.692501068115234, 48.71208572387695, 30.157243728637695, 54.273094177246094, 48.85847091674805, 48.32284164428711, 49.02725601196289, 41.84253692626953, 38.37660598754883, 47.03206253051758, 49.84246063232422, 34.2666015625, 51.622554779052734, 53.57316589355469, 53.687686920166016, 50.34485626220703, 47.755672454833984, 46.2911262512207, 48.644779205322266, 46.32335662841797, 48.666316986083984, 54.624244689941406, 41.84656524658203, 44.6829719543457, 22.87105369567871, 46.75136184692383, 51.76473617553711, 50.92744827270508, 47.60468673706055, 53.85359191894531, 53.70970153808594, 50.49092102050781, 49.797218322753906, 50.344451904296875, 32.5741081237793, 50.53822326660156, 56.68999099731445, 48.7270622253418, 42.58938980102539, 52.05075454711914, 44.79051971435547, 54.04795455932617, 31.050979614257812, 51.685916900634766, 33.69655227661133, 54.356719970703125, 42.41727828979492, 44.29328918457031, 43.19856262207031, 30.47455596923828, 49.618106842041016, 54.80953598022461, 50.019535064697266, 55.534461975097656, 42.38071060180664, 52.846832275390625, 43.09550857543945, 32.41181564331055, 49.46853256225586, 48.86508560180664, 41.44065475463867, 37.8807487487793, 46.37617111206055], [28.178279876708984, 32.00746536254883, 48.38601303100586, 48.77378845214844, 45.585044860839844, 51.65829849243164, 47.24021911621094, 45.75299072265625, 47.785621643066406, 49.218017578125, 42.76036834716797, 51.628440856933594, 62.439720153808594, 49.72282028198242, 43.95273971557617, 43.59135437011719, 27.648386001586914, 46.87773895263672, 44.4412956237793, 36.461326599121094, 44.42594528198242, 45.78937530517578, 42.41810989379883, 35.45328903198242, 47.95560073852539, 46.714298248291016, 43.011566162109375, 41.31412887573242, 39.58583068847656, 45.37984085083008, 47.176151275634766, 34.35681915283203, 47.20472717285156, 51.424781799316406, 46.34555435180664, 47.88618087768555, 33.890342712402344, 48.28530502319336, 30.752859115600586, 45.0425910949707, 30.814062118530273, 35.78837966918945, 45.44106674194336, 51.79513168334961, 46.22355270385742, 47.04966735839844, 48.14828109741211, 26.25859260559082, 46.69497299194336, 49.670005798339844, 42.93022918701172, 50.23884582519531, 30.935232162475586, 49.0254020690918, 46.45075988769531, 49.861488342285156, 49.349853515625, 47.13875961303711, 26.32979393005371, 49.59247970581055, 47.78303146362305, 47.437435150146484, 48.60142517089844, 37.167205810546875, 36.002685546875, 42.07745361328125, 45.48747634887695, 30.3272705078125, 50.00112533569336, 50.22198486328125, 51.8541145324707, 49.124698638916016, 41.54671096801758, 46.009178161621094, 47.93196105957031, 47.1016731262207, 44.63292694091797, 48.023868560791016, 36.01115417480469, 39.51271438598633, 20.248674392700195, 43.638702392578125, 49.95002746582031, 46.94945526123047, 45.990501403808594, 48.37035369873047, 49.887569427490234, 47.76058578491211, 50.02500915527344, 47.994384765625, 31.499019622802734, 46.26517105102539, 52.46195602416992, 45.512657165527344, 38.0242805480957, 46.93462371826172, 43.36954879760742, 51.181312561035156, 28.520132064819336, 49.45966339111328, 30.93975257873535, 51.507179260253906, 36.2465934753418, 39.47967529296875, 38.13551712036133, 27.40224266052246, 45.628570556640625, 51.07439041137695, 45.37920379638672, 50.899620056152344, 38.408077239990234, 49.08315658569336, 39.90966033935547, 30.269084930419922, 44.51444625854492, 46.40694046020508, 39.206356048583984, 33.6328239440918, 42.97591018676758], [29.03941535949707, 33.54141616821289, 52.78691482543945, 51.52504348754883, 48.134090423583984, 63.79464340209961, 53.70829772949219, 58.63506317138672, 61.558837890625, 65.73436737060547, 44.532005310058594, 55.070838928222656, 49.72282028198242, 98.84247589111328, 47.34115982055664, 43.341487884521484, 29.920059204101562, 63.79932403564453, 55.846920013427734, 36.92001724243164, 48.77233123779297, 48.31156921386719, 46.072509765625, 39.86638259887695, 69.37138366699219, 57.757667541503906, 46.191322326660156, 44.98500442504883, 42.42493438720703, 50.2605094909668, 48.13086700439453, 36.93598175048828, 53.28528594970703, 69.27094268798828, 63.67536926269531, 76.70417022705078, 35.965492248535156, 56.05165100097656, 32.710304260253906, 50.69900131225586, 33.16675567626953, 37.852561950683594, 44.22799301147461, 64.02933502197266, 52.142398834228516, 60.11827087402344, 68.54054260253906, 27.818084716796875, 64.14380645751953, 69.02215576171875, 48.30206298828125, 67.64820098876953, 33.60266876220703, 51.94843673706055, 70.70702362060547, 48.86768341064453, 64.08902740478516, 50.52599334716797, 30.177242279052734, 58.547264099121094, 67.7210922241211, 67.41676330566406, 47.44004440307617, 40.59467315673828, 35.42819595336914, 44.852264404296875, 47.72381591796875, 32.501953125, 50.41183090209961, 53.36080551147461, 53.30864715576172, 51.08271026611328, 45.57639694213867, 59.70553207397461, 68.95252990722656, 47.27444076538086, 50.30887985229492, 52.4954719543457, 38.9141960144043, 43.73672103881836, 25.25046730041504, 45.84330749511719, 69.09285736083984, 57.85868453979492, 51.04408645629883, 68.21638488769531, 62.41969299316406, 61.011417388916016, 51.82361602783203, 69.45037841796875, 29.860898971557617, 55.468772888183594, 71.18859100341797, 62.92982482910156, 40.739803314208984, 67.47616577148438, 56.806007385253906, 61.38498306274414, 31.57117462158203, 73.12895965576172, 32.465396881103516, 56.464778900146484, 40.84521484375, 44.1884765625, 39.50408935546875, 31.546232223510742, 61.9879264831543, 66.64449310302734, 55.217140197753906, 68.54902648925781, 42.45816421508789, 68.23881530761719, 42.80876159667969, 31.56301498413086, 46.9873161315918, 65.4506607055664, 38.05497741699219, 37.39665222167969, 47.23959732055664], [27.66800880432129, 32.37574005126953, 42.265106201171875, 46.3377799987793, 43.472694396972656, 47.192440032958984, 46.677757263183594, 43.024723052978516, 46.650306701660156, 48.75447463989258, 44.00010681152344, 46.61801528930664, 43.95273971557617, 47.34115982055664, 58.8668098449707, 42.17849349975586, 26.83918571472168, 42.47666549682617, 40.80276107788086, 37.874046325683594, 43.63279342651367, 46.5815544128418, 43.993778228759766, 36.12865447998047, 42.3179817199707, 42.693111419677734, 42.33013916015625, 42.00830078125, 38.655967712402344, 42.82344055175781, 45.008853912353516, 35.36623764038086, 44.87938690185547, 48.590972900390625, 45.8752555847168, 47.2210578918457, 36.38224792480469, 48.55117416381836, 29.781944274902344, 48.710208892822266, 30.13457679748535, 35.29804992675781, 43.209205627441406, 46.81343078613281, 43.41999435424805, 42.44954299926758, 42.799964904785156, 25.598880767822266, 44.81351852416992, 48.915618896484375, 44.23308563232422, 47.76641845703125, 33.13067626953125, 46.084049224853516, 46.22483825683594, 45.76830291748047, 48.448001861572266, 46.924652099609375, 26.761577606201172, 49.0006217956543, 47.77466583251953, 41.000030517578125, 46.05522155761719, 39.47124099731445, 33.791019439697266, 44.38731384277344, 43.772342681884766, 28.999757766723633, 47.759010314941406, 48.24037170410156, 50.220027923583984, 45.98556137084961, 41.019962310791016, 44.11466979980469, 43.43790054321289, 44.384498596191406, 40.723968505859375, 45.92509078979492, 35.520355224609375, 41.46452713012695, 23.60114860534668, 43.863494873046875, 45.98002624511719, 42.88721466064453, 45.6781005859375, 45.844215393066406, 47.298397064208984, 45.71841812133789, 46.522457122802734, 45.73664855957031, 30.07777214050293, 45.05747604370117, 47.10931396484375, 44.26552200317383, 40.54444885253906, 47.024314880371094, 39.9594612121582, 46.36825180053711, 29.942590713500977, 48.23595428466797, 29.739917755126953, 46.58449172973633, 36.66055679321289, 42.37631607055664, 38.72336196899414, 27.1625919342041, 45.62910079956055, 48.584293365478516, 44.0640869140625, 47.30364227294922, 40.126190185546875, 50.34089279174805, 40.63621139526367, 29.620576858520508, 47.34852600097656, 42.96849822998047, 37.880252838134766, 35.600189208984375, 44.4483642578125], [30.95954132080078, 32.97336196899414, 42.82102584838867, 41.20207595825195, 42.55504608154297, 48.81167984008789, 41.79414367675781, 39.891319274902344, 43.074554443359375, 45.28242874145508, 41.682273864746094, 45.504154205322266, 43.59135437011719, 43.341487884521484, 42.17849349975586, 56.39409637451172, 28.337942123413086, 43.63092041015625, 39.81696319580078, 37.61627197265625, 43.60728454589844, 47.38214874267578, 43.51780700683594, 35.39820861816406, 40.97703552246094, 43.72223663330078, 41.88655090332031, 46.11117935180664, 39.909767150878906, 40.45026397705078, 41.72454833984375, 35.89202117919922, 42.53852844238281, 43.84132766723633, 44.081607818603516, 44.17607116699219, 36.215877532958984, 44.30828094482422, 33.30769348144531, 44.84624481201172, 31.168617248535156, 36.17301559448242, 39.12261199951172, 45.30706024169922, 41.90753936767578, 41.13874435424805, 41.59920883178711, 27.442237854003906, 40.507205963134766, 42.8245964050293, 42.433536529541016, 45.9788818359375, 32.62666702270508, 41.73170471191406, 45.02894973754883, 40.98612976074219, 47.03217315673828, 42.38949966430664, 29.312294006347656, 45.981327056884766, 43.02653121948242, 41.09865951538086, 44.364768981933594, 40.45245361328125, 34.849609375, 40.76202392578125, 41.61193084716797, 32.22185516357422, 43.927127838134766, 44.883758544921875, 43.731895446777344, 43.387203216552734, 41.309356689453125, 42.231388092041016, 40.60853576660156, 42.300167083740234, 39.1221923828125, 42.918399810791016, 37.16278076171875, 41.88497543334961, 23.606433868408203, 42.752925872802734, 42.35643005371094, 40.20054244995117, 42.24980926513672, 45.10540771484375, 44.36344909667969, 42.91734313964844, 45.91822814941406, 45.15510177612305, 31.29507827758789, 40.44346237182617, 46.60321044921875, 41.47359085083008, 39.27308654785156, 41.9438591003418, 40.01485061645508, 45.06622314453125, 29.477989196777344, 44.62915802001953, 31.76215934753418, 44.977210998535156, 37.69905471801758, 43.19818878173828, 39.803070068359375, 28.627450942993164, 43.56005859375, 47.442466735839844, 42.41423034667969, 43.97301483154297, 40.028778076171875, 46.63053512573242, 41.53662109375, 31.48710060119629, 43.72438049316406, 42.320091247558594, 39.078285217285156, 37.05160903930664, 44.929744720458984], [25.291723251342773, 27.867202758789062, 26.67361831665039, 27.70198631286621, 29.249858856201172, 29.680078506469727, 28.207223892211914, 25.471683502197266, 29.5026798248291, 28.873289108276367, 27.440765380859375, 30.841209411621094, 27.648386001586914, 29.920059204101562, 26.83918571472168, 28.337942123413086, 38.24275207519531, 27.972089767456055, 25.763782501220703, 28.36684799194336, 30.170541763305664, 29.371078491210938, 29.914867401123047, 28.966264724731445, 26.884624481201172, 25.364620208740234, 28.24583625793457, 31.135866165161133, 28.159862518310547, 28.829622268676758, 26.045875549316406, 31.93967628479004, 28.265588760375977, 29.19460105895996, 28.51253318786621, 27.574527740478516, 21.90807342529297, 29.37841796875, 28.44498634338379, 31.136497497558594, 26.62316131591797, 26.35449981689453, 27.311683654785156, 27.94891929626465, 26.241403579711914, 24.975454330444336, 27.8071346282959, 27.237668991088867, 24.72206687927246, 28.984472274780273, 28.242603302001953, 29.07893943786621, 25.474897384643555, 29.704212188720703, 28.270784378051758, 28.158050537109375, 31.68285369873047, 27.08880043029785, 28.07396125793457, 28.100900650024414, 30.724897384643555, 26.122547149658203, 28.157333374023438, 28.107303619384766, 26.604263305664062, 26.428552627563477, 26.495378494262695, 24.48283576965332, 27.619930267333984, 29.426708221435547, 29.97416114807129, 27.77667808532715, 28.727750778198242, 24.27237892150879, 27.182050704956055, 25.781362533569336, 28.048986434936523, 30.209794998168945, 29.5095272064209, 29.903095245361328, 24.15345001220703, 27.337106704711914, 27.136823654174805, 27.107402801513672, 28.309877395629883, 29.785615921020508, 28.86941909790039, 29.464767456054688, 28.87690544128418, 29.961410522460938, 26.30517578125, 29.982303619384766, 30.712329864501953, 23.222667694091797, 26.721694946289062, 27.532072067260742, 26.33733367919922, 30.26625633239746, 30.04217529296875, 30.9158878326416, 27.557937622070312, 32.42591094970703, 31.23122787475586, 29.11168670654297, 27.063230514526367, 26.09419059753418, 28.212465286254883, 31.082462310791016, 26.979555130004883, 28.586688995361328, 28.19960594177246, 31.26408576965332, 28.837419509887695, 26.366464614868164, 27.70384407043457, 29.750547409057617, 28.52275276184082, 25.93079948425293, 26.875791549682617], [28.86943817138672, 30.49707794189453, 53.05725860595703, 47.286930084228516, 43.40152359008789, 63.6965446472168, 51.01860809326172, 58.173828125, 62.704837799072266, 62.06790542602539, 42.449893951416016, 48.236717224121094, 46.87773895263672, 63.79932403564453, 42.47666549682617, 43.63092041015625, 27.972089767456055, 82.05122375488281, 54.74693298339844, 34.89706802368164, 43.65589141845703, 47.22983932495117, 43.10506820678711, 36.85918426513672, 63.24092483520508, 56.091796875, 45.09487533569336, 44.026004791259766, 37.91036605834961, 49.94700241088867, 43.353389739990234, 33.17085266113281, 50.80348587036133, 62.71635818481445, 59.86076354980469, 65.4427490234375, 36.60497283935547, 50.87712097167969, 30.896020889282227, 45.14636993408203, 30.2291316986084, 34.9396858215332, 44.9404296875, 61.798343658447266, 50.18857955932617, 59.21298599243164, 59.72760772705078, 26.458412170410156, 60.62614822387695, 63.74755859375, 45.08963394165039, 60.51387023925781, 31.280752182006836, 50.33979797363281, 61.069156646728516, 48.345882415